# conv1.filters shape=[3, 3, 1, 4] dtype=int16 scale=2.794627809770471e-05
4917 6771 6096 24285 14757 20443 -5572 32767 -862 11012 -9110 12819 -3827 12457 3481 23251
18269 5334 11957 1720 24963 9515 32548 -3737 13388 -7289 8284 12281 -31506 21950 13190 -7439
-10505 -7690 3462 1876 

# conv2.filters shape=[3, 3, 4, 4] dtype=int16 scale=1.9332871218932887e-05
-9652 -10977 -2922 -16013 14914 17156 6402 3852 -1675 -12129 7551 -15888 5591 -9197 9708 4582
2128 -2701 1281 -5842 -7862 -4772 9958 -27583 8190 -7429 2083 7765 27710 -15456 -2928 -7350
23437 45 15082 -20649 16492 19768 -4528 686 15630 12728 16258 10397 3910 5496 11115 3626
-17520 -2929 148 -313 -17857 -32767 4925 -2417 2489 -29734 -36 -1221 -1029 -25010 7692 -3132
24879 7279 -7801 1620 8399 21 21265 -18812 -12362 23415 16448 5285 -17291 339 144 -11557
2230 8707 -8745 3084 1602 4328 -22208 -20843 11243 -5933 -8194 18973 12392 2496 -4508 -8605
3494 3242 -9421 26703 5360 7081 3283 28938 -13470 -1014 16547 16888 -16875 -4610 -8512 -10044
-15732 -21236 13280 10377 -3795 -1673 -4473 2318 -16470 8143 18009 7610 -20081 103 -16713 3845
455 7448 28756 -7055 -1869 23396 13754 4520 -9153 16372 -5023 5862 -10868 13832 -285 20483


# conv3.filters shape=[3, 3, 4, 8] dtype=int16 scale=1.9820186075854425e-05
1292 -19545 -29802 22029 -4790 -13842 13402 14127 3975 1692 2767 -1770 2362 1157 6516 -26029
-6960 8795 9323 5022 -7253 -22445 -9116 9839 -6043 -4719 1315 21690 285 -9800 -1843 9006
-10620 -21393 -2692 25825 11758 16736 968 25812 -9657 -5269 -6336 -8601 -17364 2227 24229 -5395
-21042 32767 -2597 105 -13283 -18079 -14029 8516 2043 5617 -6009 1134 7276 18087 14780 8420
-28200 -5918 14266 -7693 3192 -11733 10916 1612 -2679 -8541 -8115 -9030 547 2073 2161 5126
-13124 -27239 -25231 9359 4995 -2310 2593 -8759 3377 11667 14263 4847 4597 -7653 -18157 9544
-15039 -15431 19660 2975 -25366 -10864 10841 22068 5855 -10394 -7580 -16736 413 7989 6292 -5238
-21930 2032 1736 -14017 12651 7801 -8578 14025 -7568 -12242 20813 147 13284 20362 -19235 -13464
-11953 -4414 21171 3159 1191 -10962 -23872 15033 3368 -11938 -9495 -6661 18278 -7021 -1762 -4537
-9879 3192 -2836 23461 14360 14985 12501 -7432 -219 7845 -2419 -8773 -6311 8552 3675 4966
8718 -4586 4861 -10878 478 -13098 6791 2987 1760 -31795 -13136 20690 -1934 -1846 -15694 -13173
-3752 -4303 12624 23434 -5355 -713 12716 12064 8936 4517 11278 -13890 -3832 12402 -8041 -6388
-14490 -13935 -1324 -7810 -3618 10098 -1068 9416 -16349 -5804 -6635 -1153 10996 8490 22129 7144
-3955 -4386 -10741 -6390 10281 -2798 2540 7595 -11345 4693 -896 25481 691 3875 -11697 -17148
5567 10606 6316 -6208 -10061 -2376 2264 18263 -8937 19438 2937 8586 -111 -1896 10770 777
-13226 2284 12972 -14966 30621 -1791 24671 -2977 -8792 -6443 20240 -10023 -17458 4931 4305 -7924
-873 -3900 12729 -4159 -17783 17371 9220 411 4072 7715 -1074 26250 14523 -7275 -13293 -20478
-1273 13976 8553 31242 15963 18338 -15396 -7903 -13285 -1463 -3992 -1858 15559 -11459 -20386 -11751


# conv4.filters shape=[3, 3, 8, 8] dtype=int16 scale=2.1108615590134316e-05
-4586 4372 18078 8286 -9775 372 3003 -9604 4799 -10931 551 -722 5150 7999 7805 15765
-2354 2568 -5899 -4004 -9635 -5776 -7002 -1222 -9859 -1918 11956 -4829 -6804 -2518 12086 10772
4226 987 13529 12866 -3088 -13158 9809 23715 -3839 -18548 480 2237 44 6915 3423 -5885
349 -3822 2829 760 -7880 -6044 6276 -5740 -2232 279 856 -8286 2417 -2213 421 -1998
5445 -3291 3317 7766 8004 -10781 -6781 7170 5384 -14353 6668 9549 -163 3842 -6821 4087
-9466 -10725 12184 3508 -6859 7241 -5596 244 -32767 1813 451 -11825 -3074 5376 -12646 5400
10678 11664 -5600 3168 1565 -9383 4228 10917 -1427 -7671 11890 6504 3850 4947 -12970 -16348
6225 -5302 -2536 -11051 -5777 -5566 -7817 11561 -13161 -8857 -11516 -7997 -1820 -14797 -12228 2149
-4402 -7254 145 9324 -6871 9468 -5011 -7329 2189 -976 7786 9434 -4515 71 -2999 10871
6159 9820 3133 14966 -4351 272 -12045 11618 -13724 7968 6958 -2222 -10850 19218 15235 -13140
-9866 3784 3443 4122 5636 -10083 10740 2370 -11223 2494 7134 14904 -1255 -13258 5716 738
-2067 -1955 -1194 -109 3308 2709 -1023 5340 3290 -4929 13722 -5212 -13786 6644 -3121 6581
4994 2817 11522 3024 2036 -7671 -6277 -4483 5836 -9696 -9044 4269 -4502 5567 -7299 -7944
-15292 15342 -1624 -10707 7320 -14117 -5144 -15028 2442 -1849 10041 -10338 -18711 13644 -4216 7067
4051 5014 -8018 13762 -6784 -14560 10055 18444 8730 5926 6233 -5347 -7537 5444 -804 -19616
3588 -9698 1973 15092 333 -11563 -10555 4298 -2514 13818 12453 -9951 13373 -1987 5178 -709
-2459 -6755 3384 -4500 -3188 -170 2372 2091 -1717 -1400 -702 -876 12480 -3095 2224 2688
2894 10350 2844 -2745 1183 -503 -3412 -542 3890 -61 -6198 -9450 -12264 14860 7341 -1623
1745 8714 5524 -13301 14180 3650 -350 2403 -908 -2581 2453 765 1614 1978 -6712 -6931
-3686 1422 151 -2872 -6238 2057 -1394 2594 -2589 7286 -9328 -8756 9565 -11800 1151 -8208
13398 2986 -4560 -9825 1920 3234 -24807 -3856 3484 9549 -9449 3214 432 8926 -8914 1159
6346 6792 -1887 -2227 -7789 1846 6618 -1492 -2122 -4525 4008 6218 -5885 12742 12697 -20515
-968 8227 -6672 15951 7441 5505 3606 6308 -2955 -1800 -2313 -3825 -4389 -13789 -4334 -12580
10145 419 -8889 -5868 5470 9764 1091 -2433 -4826 4122 -7621 -3597 -11877 -1350 -8910 2915
5463 9163 8121 8489 6694 7464 17 570 -17651 1683 -4844 5562 11608 -3561 -5742 488
6086 14709 -8842 -18756 -418 847 3437 2844 -4358 -2119 -4786 -4742 278 9213 670 -4189
6588 6834 -1828 21128 11144 11546 -3919 1836 -2588 -4528 -1021 -11646 -6067 5917 -7475 -2231
15582 -4376 -1927 18261 -1661 11190 3586 -9453 -1588 11247 -1333 -8954 18156 3037 -5634 12350
-13059 3002 45 -2232 -90 4812 1090 4748 -1779 5705 -2477 2859 -8116 16363 -4489 -9426
914 10018 7420 11236 -1021 1441 6452 -2204 2171 -6087 -636 -39 -3636 8324 9755 8777
-4881 -1143 3391 14877 15702 12658 -6671 6891 -15875 7503 2680 4712 -1306 8165 1432 -9110
-166 -11099 -3611 9161 -8214 3011 -3987 -6409 7905 18136 538 1797 -904 12985 -1455 -5603
-12593 -8221 -4771 8299 9393 5001 -2204 7992 -3355 -6903 -8997 1239 1466 2842 -3965 -3951
-12630 2358 3807 -7594 12911 -9474 -2229 -5764 -4541 -9106 15822 -4543 -14825 -5584 17970 -16345
8564 1870 -14930 -12404 655 -12771 7720 -10058 -778 13872 -2110 -8933 1295 -15717 -3688 8463
-8785 -9313 8588 -254 4208 -7754 9159 -7960 -12624 14677 -18057 4647 -9223 4192 -12065 22223


# conv5.filters shape=[3, 3, 8, 16] dtype=int16 scale=1.9927222316824717e-05
-6871 -7454 -4425 -2659 -10003 7726 -3377 -13430 -9543 -3587 6099 15187 -18943 8683 -1805 -6593
71 -4542 -19808 11492 6960 13127 4072 607 2901 -1493 -3156 -10649 5862 15170 -14549 6679
2762 7562 9203 9214 -12258 15217 -14410 8248 -2701 -1778 12009 -11218 -1902 17491 1849 -12150
3510 10391 -11899 11557 -6491 8220 -310 4702 -13869 -1013 13997 13115 -15346 -5072 2148 8254
8887 1430 6979 -8157 332 367 -4882 4203 15791 -8471 60 2115 -15023 4571 529 -14431
-2574 -4245 2603 4887 -3275 -5191 10560 20981 -3850 -14213 -7224 13973 7661 -3337 13124 -10484
-11810 1006 -23390 1289 -5486 -1199 3474 -1375 -16251 -1794 -6114 13676 3278 11607 446 2578
-4955 -9523 -18391 11134 -13743 3454 3390 71 23310 8284 -2102 -5652 -2663 8175 -697 9305
5224 -4377 4511 794 8360 1164 1199 -8007 8527 -613 -1370 -12856 -1414 -11341 883 5952
6900 12576 1191 1697 6550 1432 6153 -38 -12538 -9963 -7971 -22236 6504 11206 -4994 -8551
10359 -2201 -2513 3953 -10655 2317 13809 2101 1185 3018 6550 -3068 17141 -87 -5114 18870
-12021 8845 -10049 7296 10522 478 16475 -2504 1072 -2077 -3928 5260 11931 23 4062 195
-14003 6067 5429 -3327 16580 -13495 -2345 -8051 12439 1105 7157 -5687 -2911 2010 -2054 7665
14835 -3095 11468 8312 2072 -5835 8014 18653 4092 9398 5963 -12920 -8341 -2929 4618 -13513
7862 -15612 18150 -931 -7833 -4375 -9752 -2927 -3793 415 -4863 -3229 -6118 17610 3578 -1870
-1506 -6063 10001 13849 -7561 5846 -13079 11386 -4997 -5294 -5975 8632 -1755 -1482 -2448 -2716
960 -10899 8776 -15961 -18573 18793 -1899 -9327 -2485 1427 10922 -5064 5903 -9839 7867 -6093
-190 16770 -16087 -4151 -13502 -5253 7185 -5040 -6076 -3507 -9492 -4409 10000 -15210 7065 6293
1971 429 -8963 -6079 -12342 -7572 11780 2868 -2350 -2198 -3716 -3771 6676 -722 -3558 -13137
4794 12005 6517 1295 -2237 -245 8733 8223 -441 -4327 16578 -2240 -7644 -2191 1146 654
4439 15443 -11930 6525 -687 -7128 6836 17374 -5718 -11771 11035 786 5235 -2967 -10115 -273
5950 -10539 4789 993 -1710 -4700 1870 4336 17034 -1487 -4419 -3874 1229 -3603 22160 -5053
7030 -2601 17721 -479 -12108 -5689 4788 2032 12623 25128 -8351 4437 -8465 8201 1584 -11802
4197 -2103 1260 16496 -5737 -4077 6334 8356 6505 -781 -11265 1044 18016 -12870 7629 5731
7713 -514 -2493 6365 -147 -1257 -3904 9751 -4554 6531 20316 3522 -538 -11764 -6656 2874
71 7923 8962 990 11907 4473 98 9551 -15029 8480 -12437 -7061 -15222 17519 -9758 -6916
-11447 4772 -1466 586 5741 -16576 17893 1891 9683 -7997 2841 -398 8195 1490 -16737 -10323
-14268 -527 3540 2040 2758 7797 5732 -2647 -7235 3242 13286 8553 -15939 -6044 -2465 -4090
15514 3140 -2358 8012 7478 -3922 5912 -8248 3474 470 -13481 2488 4877 -580 -14689 -3608
-2042 -2906 2866 -5731 -1827 897 519 1509 8133 -9710 2288 5565 5431 -212 -2697 -6834
8753 -7774 -4708 4250 8437 -2045 9233 1698 -6263 5971 10524 156 3197 -1032 -9545 -15658
1834 4040 1064 -2201 -16174 -5668 1356 -5944 9604 -2712 -1313 23165 -11969 -8562 -20073 -4600
-3357 2072 1775 -604 671 -1521 -15852 -5362 -6868 -4597 9319 4127 -5191 6337 9657 11379
9393 -5818 -17180 -11234 3851 -11493 586 1692 1041 7186 -9202 -6548 2513 -3696 12116 8228
-9912 -7086 4081 -2304 -257 1026 11232 3440 -8479 -1678 5861 2283 -7906 5649 -8592 11011
2766 6727 -6089 -9484 -1954 -15912 -6578 919 1394 -1043 1233 20569 -3810 -5447 -7805 1305
-2847 -5468 10972 -6731 4427 2788 -8844 13539 2241 3920 5302 1853 6075 -2571 -7987 3836
-1759 -733 -161 -7114 11900 9258 -11759 -5466 538 9403 18519 8026 2061 6085 -2125 -7400
-7771 22963 3565 6256 -4173 3670 443 -851 -6551 13334 3062 -3852 3658 1660 -11486 2015
-6430 7359 -5236 5945 -4233 -1566 -9951 14311 -8699 -2444 20727 5279 -7766 1234 -2113 9438
-1187 -2941 1931 7620 588 -1725 3805 -3736 2308 14209 -4690 -14198 1803 -1181 3392 13208
1273 6302 -4313 -10417 10537 -7153 -12015 -13239 -318 11669 1513 -6120 -15985 -8279 6815 1251
4439 11312 -3956 9972 7633 6739 13006 -6232 1172 273 -8729 -12759 -4190 -784 3077 -3854
8753 2951 6556 -5968 -1650 -13407 -104 -8667 -3824 6494 11317 -3866 6869 -5053 -6388 9257
-3992 3186 -2740 -12935 2911 -10557 -2942 -11599 -6082 -1659 1847 -6208 3750 -611 -16675 4139
-2664 15894 -10368 -3909 -28320 -1308 525 -2684 13309 -2553 -7523 -13037 -14129 -7401 2428 5393
-8270 5968 6992 -4892 6160 10035 -5085 12819 -7576 -2483 14840 2912 -538 19833 3971 7928
6472 -5191 -3223 -6811 -6660 -8756 -736 -15524 10665 6897 -9243 -8843 8912 6087 -17887 -169
-9300 16623 -12386 3623 -3968 -8515 2418 -3708 1501 5782 5932 -5679 -2083 -13186 2158 1198
-3436 11202 -7884 -32767 -13779 416 -11199 -14401 1087 -8470 12146 -6593 -5460 3383 7618 3994
4205 -6045 -6874 -816 15652 -14851 -4412 -16813 -3841 15646 2927 -7981 -1934 -496 -18086 -2532
10655 -14732 6629 -2052 -1083 2724 5211 -13635 4125 -6862 2013 6318 -10033 -8896 -12674 -10637
-2396 2789 -6209 -10547 -17137 -390 8524 14268 -9621 919 3670 15242 7957 -3517 2902 7170
-2092 9817 -5582 8725 1751 5369 1398 5957 -9109 -496 -5425 10433 -17648 8568 -2525 2082
-9329 -8061 -2767 14816 22801 -17405 561 -15595 -15629 -8954 3082 -2008 -6471 -5028 -935 -1955
4259 4246 18879 -205 -15303 8335 -11201 -3863 -7019 48 10786 1391 -1469 -7848 -13738 -16393
14080 491 5314 -8102 -1821 11785 6824 -3110 -2390 2670 20596 351 -10282 4258 -19815 -15644
812 8061 -7401 -167 10103 -5349 10559 -22428 -3469 -12659 -2406 9002 -15274 2044 389 5412
-3429 15995 -3261 4260 -4436 -2619 5215 1892 4122 11919 7977 -6102 12021 7839 -1055 1415
16489 -16093 -13362 -2548 3462 12745 5361 1104 13008 -534 -9191 -6719 1898 -7732 -18839 -17365
-5651 -873 6857 10887 -2145 9853 2780 413 12900 1446 -16821 2224 4527 -8146 -9255 -16311
-7372 11573 3147 9383 -1982 -1441 -537 2563 -12213 1047 10767 -12245 -3801 7213 8007 18666
-14578 -2850 7289 4494 3192 1577 -4758 -9999 -379 -2065 10853 -3638 -8831 -5460 11575 9154
-764 -9455 15359 -43 -5710 4423 -4255 -15176 -3016 7926 630 5857 -7032 2574 -4183 -8412
16725 8223 -139 -418 -16276 3554 -8796 -4107 6616 -3923 2409 4853 -1071 2600 -5952 10898
-5592 -8646 12962 -17751 -13629 3292 7361 -10123 -6759 -3003 -19766 -1012 3839 -1809 1506 -2320
1640 -166 -4181 4703 2836 -1778 2835 -15317 12659 10959 6878 6093 -9725 -13774 7324 -2764
15398 -8556 17550 -9783 -11221 -9629 2973 -4803 -6325 3130 3841 -14159 2080 -6433 -660 -8589
-3736 -5727 -7123 13111 25008 -7260 -15974 -3672 698 -1373 14031 -8212 6827 -2055 9871 5697
376 -6771 -7386 -1881 5867 -11346 17909 -9748 -6705 -1736 -9303 -2789 -12854 5768 10960 27017
-13319 -24113 18123 -6124 2463 -13034 6071 12374 -11757 -1626 5758 1188 -2412 -3100 1616 -441
-1671 4898 -5676 -3858 24495 11139 -2908 -1607 1269 3386 -5918 2668 2533 -3256 -4815 3926


# conv6.filters shape=[3, 3, 16, 16] dtype=int16 scale=1.607812691183076e-05
-9064 -7222 -3 943 7286 -7087 7636 1480 -97 2686 -3128 -11005 -5834 4208 4003 -10554
-5648 -622 -21929 -13980 -4865 -1246 14187 -3542 4224 3985 1635 -7251 -6886 -19459 -6202 -867
3272 5289 -6827 -12110 -7004 -10296 4743 2585 6140 3569 1867 20095 -4328 -4607 -6955 -6682
7197 -4691 -168 17254 -9355 -9204 8509 3286 -9013 -3646 -4049 3539 3958 -1558 11732 -2209
11109 13846 -7364 -17448 492 -3033 1040 5929 -131 18038 2163 -14246 -5602 2874 -1465 3379
-7565 71 -16531 -4355 -7171 -544 -5106 581 -6173 4644 9634 8027 6105 6051 -7497 9680
-11780 -7049 -10987 12922 -46 -14075 -11293 1180 8786 -17944 -2325 -3311 6479 19615 -671 11870
10331 12553 -8715 -2651 11402 -2282 -11880 9720 6994 -4063 -4391 4146 -8356 1120 1290 14287
-9882 -2772 -1158 70 10917 8325 -9535 7964 14353 -6655 4082 -7408 2918 2630 643 1653
11678 6218 7568 1509 -8886 9375 -2215 -2401 9470 -16957 -3580 -14661 -3912 -2819 -14471 -6934
-6934 9590 -8834 6752 2723 -1450 8171 -1485 -8561 943 10232 -4515 -16831 9993 -1312 -3919
1664 10299 -5475 -2293 -11643 1308 5120 -9173 5617 -7409 5017 -187 939 130 -1021 -5756
-72 7832 191 15357 2253 -7532 -3567 7566 -6353 6097 -7072 6086 -5914 -430 11585 5399
-10622 -6336 -16325 -4578 4877 -5107 -68 -499 7699 -8318 9463 -5488 3137 -2848 2870 11922
293 7734 -4710 12880 -4806 -6602 -5654 14218 3971 6660 -2180 5506 5071 -15169 5282 2888
-6059 6764 7383 2628 1009 13791 -3891 -6704 3318 4177 -7974 -3917 10649 -11569 18540 6486
1061 -5268 -16486 11932 11832 9766 4033 1156 -6117 1119 141 -7172 5416 2377 -7467 -2505
3703 -1766 -12068 -8089 4228 -6315 -861 -10418 -7521 3694 4664 1229 -14421 -11674 666 5338
-917 -10368 9730 1769 -4647 -4926 -1519 6450 3216 2962 15102 5745 -8352 5115 -12033 -15533
-5590 2957 -3201 -3164 -3593 -11804 10370 -1628 4453 6887 -6510 5991 8983 -21424 3805 4580
15923 18054 7204 -14131 -10020 -15697 5549 -5558 7695 2656 -6906 3480 -3339 9037 8088 3862
-3228 -1051 1141 -5852 -10072 3985 -2036 -640 -2058 7635 -4722 2617 5348 -1870 -1714 -14513
6342 3618 -4052 9396 -27972 -7253 -4574 11351 -8746 -20388 -951 -5565 3971 11003 22536 -1319
-6503 -11930 2200 -6954 11371 7957 -763 2042 -3613 -6440 -4538 -7495 -7248 1148 -1897 -1700
-6129 5418 -6844 -8881 -10707 -6439 -2703 8116 2153 -12870 -6980 7362 8092 23768 2503 10813
-7190 -4755 2696 454 -26484 755 -3276 5414 8280 908 6589 81 -929 -56 -5735 20951
3386 9246 -6612 7040 16232 2597 -1015 11137 -1178 -4509 -17908 4955 -14624 10182 -10336 -2549
-11687 5310 -9420 4525 -5229 -2929 784 3311 14349 -10441 6254 -80 -1438 7650 -11909 -288
2437 5443 3119 -10082 -11155 -16607 7405 -6026 -7050 -9480 4400 -8360 8552 -171 -2349 18807
-9702 -279 -11945 -1600 7620 -756 -2009 7847 6290 -14788 825 -6519 -156 -11814 -4296 12390
-6804 -5884 -9751 -7744 -840 2547 -2625 8336 3625 -3934 -13072 4174 -36 -10032 -983 8037
-20151 6086 8401 7640 -797 4951 18884 -891 -5214 6942 -7655 -4678 -1524 332 10856 15738
-11985 -2543 897 2649 -6476 8522 8263 -5845 -15116 13093 -553 -1576 -2105 -4439 339 5306
-6720 -9603 -1938 925 -11559 5479 5019 -3096 14581 -7714 388 -10035 2614 10369 12987 2484
-13091 -7799 -18604 6173 4560 -4643 -1990 -4520 7526 -12871 4001 -2126 -5259 7355 5382 140
-5097 5311 3413 5365 -7882 -15643 1130 9682 -5283 -4712 2513 2214 12276 -14285 -7511 5154
11224 -3747 15684 -480 -6247 -6052 -5151 -419 -14662 11322 -2907 5071 -17841 12815 7129 -3529
-13597 4504 10867 -2659 -7661 3536 -5857 -1675 -851 -1322 7354 12481 7576 -1079 3906 -2374
1097 -15793 -14341 -3637 -14377 -12589 -10275 13304 13328 -10343 15643 734 8243 799 16742 1421
8373 -8227 3449 11077 4152 -14485 1144 -1116 -1750 2429 -1761 -6652 -4294 -6041 -4444 -297
130 -7593 6330 4239 13767 822 -730 1263 -9398 -9587 -2938 -5983 -3657 -3742 -2982 5703
3731 3869 -10307 2812 -1141 2346 -9560 -16442 214 2501 1838 -7141 9161 -1571 -7148 1077
-6435 -4069 4556 -2093 -7667 556 -2045 766 -958 -9699 -18687 -6505 -8319 11196 13682 -12722
-9601 -665 -8056 4325 -2094 -575 -751 -6114 -2017 15676 1167 4064 -7441 4698 -13300 438
-4298 5850 8804 -10002 9910 -167 154 -3371 548 8480 -10844 5136 4071 7400 -3685 -10726
850 431 -4054 -6906 -6432 -3447 1845 3793 2703 -15156 9093 2299 20040 2133 7388 -4135
3160 -10814 -10046 -3850 8476 6216 2246 7428 16134 472 -7307 14395 3027 1703 -13256 -13680
4821 -5756 -6623 16586 -14509 -1424 -13416 22509 13010 3969 -11958 -8120 288 -2664 2522 222
-6244 -4412 4033 -3662 6557 -3011 -2223 -4591 1686 2422 -75 -4189 -6928 -22552 1240 2275
-699 1126 -3806 -12265 -15044 3949 -4699 -4172 -9130 -11378 -9259 -3865 2415 -4406 -16333 -7510
8202 -3936 -13072 -5865 -1393 3900 6771 7413 1907 207 -3586 1817 -9136 1727 5648 -14839
9331 897 -1993 -9061 6810 7194 -7483 12174 -22 380 751 -1533 400 -735 7290 6492
6238 349 13406 -11455 -14542 -3208 9956 6035 -6391 -914 -6885 -1109 -11254 4228 3441 4752
8352 4779 4195 2787 3760 -2774 -4202 19139 -11624 -13345 -682 6851 -12505 1731 11713 -5188
13835 -12821 7273 -10080 2598 -4028 3747 5821 -10118 -442 2183 -6093 8663 7605 7908 -4621
-8326 -436 -1768 4111 10563 -5035 3191 1103 -1863 -15762 -8231 2165 -5059 -10192 12501 6251
-10714 -11506 -977 -702 -14792 451 7341 -10690 -25704 5170 6976 -2400 3622 -3623 -4094 13567
1556 -11291 -6830 5870 -2423 23658 -7183 -4601 903 14696 -5152 -586 -2239 -7528 8699 3893
-6261 6009 2029 718 -493 8828 11353 -7192 -14445 1072 5174 5353 -751 -11634 -2321 -8607
-3466 -6921 6886 5396 574 -4329 6135 8684 5250 -374 2123 -4850 7286 -7634 -10874 -633
5717 4758 -5762 -7594 7076 -4093 -2581 -10762 3357 942 7129 -8685 -1165 -2444 2036 -13390
-13960 1095 -13830 -2647 6412 3564 -12084 -18254 -2920 7489 6037 7002 9003 -14642 -1932 -7460
-13325 -607 3463 -3189 -3333 -1157 13834 7095 -1092 8485 9509 1418 5658 -13384 -7954 -4201
-15426 7074 2781 -2272 -8727 10625 8124 -6666 -10428 -2512 -8469 -2897 -6989 -6699 -9621 -28
-7538 11482 1289 -11529 13174 -1466 -11666 -11191 1877 -8261 11434 7887 5711 3426 -604 13768
10363 -13059 504 1069 -9736 1766 -738 -6636 -5746 -7437 -6827 6258 -5621 -7744 -3540 -9058
-13792 -4470 -8263 1449 -10 2157 -1108 -2761 9790 6532 17358 -3393 418 2165 6005 1775
4518 10938 -5971 10825 9178 2462 -3474 -9719 6695 6905 5705 1221 723 -18628 14282 8176
3136 12328 20679 2247 -11700 4292 -1255 3930 -10550 -7696 3503 4536 -2280 -10456 539 -5978
7286 -4958 5346 -1356 5710 21609 3163 15142 108 -4780 16148 5396 106 47 1579 -4151
-3383 -11518 -5093 -7677 -6649 6099 -7698 4220 12281 3210 -2066 -1577 861 3583 2484 610
-6259 -5760 7034 6169 21114 4574 -6641 -2628 9115 -8233 -261 -7449 -10787 -10056 -658 -9334
1811 8282 185 5880 1452 -5814 5687 -7275 -1771 -11747 7173 -3880 -775 5930 637 -5525
-8111 -5799 -2208 -4840 4197 9280 -12624 -10957 1832 17631 8491 -3205 -12525 -7308 -2343 -988
-3940 3100 -1459 -1706 322 -1976 99 2821 -4428 -11438 -3534 -6927 1579 8281 -12025 -8565
-10111 -4895 -3595 2495 -444 5657 14237 -145 -1091 9626 3822 7214 14777 -10885 -1504 -3838
4179 -925 -5467 -11304 6836 3326 -20213 -1140 6721 -10480 1199 -13285 -26748 11895 1142 -80
-10591 1295 -4919 -3168 10428 -16197 -2749 6272 -4382 -6557 9926 -19586 -6630 10488 288 633
-3281 -2930 -4006 -624 1129 25 747 -9547 10949 2577 2099 -47 -4382 -18867 -11989 -13046
-11749 1652 5560 -2445 6767 1337 -352 -24632 11812 -175 -11989 -1873 -18253 3218 -1399 8737
3717 1192 -13808 3535 -5122 -12302 6442 -6814 -81 16212 -162 -6934 -10104 -8096 7795 -1749
15311 9080 -5664 1053 -13515 -12242 585 -847 132 9273 19927 -13613 1362 -10906 -2400 2856
-11082 -2959 3673 -10515 5425 11881 -3685 -1212 -6967 -5765 -10843 3893 -10400 9560 12968 2470
2486 3067 -15140 12232 20082 6429 -2725 6548 -2170 7129 -3386 5162 -10665 -19498 -12346 1452
-629 1978 16033 -2150 2413 -10983 -10222 -9504 359 -446 -1146 -2742 -4975 -7337 1577 -1962
8362 -3663 7487 -14033 5271 -22471 -8233 -10965 -8360 -15278 1213 5449 5316 6259 14315 -5201
6524 -6636 -15110 -9617 -8859 4513 -4185 435 -4898 4433 12381 -7750 9890 891 -706 -3349
-19673 -14122 -702 6157 -5236 -4027 -8298 10370 2139 2055 -7427 2574 -6954 969 -6785 15082
-147 -6279 -4279 5108 10971 7110 8888 -907 -13260 -3853 -5892 5464 -3092 -6918 -1840 9381
-15947 6507 12178 -10748 2000 -8626 -1896 -5975 8536 -3640 -1360 -4673 -6636 -1071 2951 -3675
-5227 130 2114 -9517 -5604 15928 2585 -3266 28216 -4634 -5055 -3467 1591 2165 -3722 -2455
-8286 8261 8821 -8530 1430 812 8912 7587 3485 -1292 11662 -2358 -2870 9850 16951 5447
-8229 -6418 -7829 -350 -1517 -9575 -4872 10135 12352 -8724 -1727 -8394 -7053 -19884 -14594 12182
2192 -11453 -14114 3188 4177 466 -1396 18691 -3005 -12782 -2431 -3521 7325 -6148 -1598 -14905
-2756 3345 -6517 -13636 -5404 -7196 11454 -6937 5080 1043 -11964 -2746 1910 632 -750 -13068
5119 20981 -6934 -12419 3800 -5562 -8933 -287 8243 -778 -20685 5718 11702 -178 2062 -2188
-19628 -3549 -18568 13962 -4185 -886 6267 -2224 807 3110 5359 5750 -5270 -6118 6084 6636
2956 7669 6386 -2143 -6960 -17945 5715 20789 -8837 -1552 -12390 6417 -8270 482 -1560 -5818
6299 -6935 -15116 2017 -18255 16224 -7752 100 2840 5815 5251 -2164 -3735 -10994 5947 10057
6630 -8115 -2247 -1563 -12952 -4135 -5096 -3967 1687 -8115 -29821 14485 13329 -1257 -7714 -1311
1260 -8638 5705 3166 3160 -5277 12458 1641 -3158 -8294 2758 -5096 -3215 -12218 1577 1776
2364 -13131 -547 13586 -1492 -8931 -2449 3083 -1408 123 -3410 2822 551 5297 5051 4773
7284 3093 8578 -1632 672 -236 -4456 -1411 -5138 -7290 -7210 -9172 -18161 -1923 20914 -10065
-14525 6888 -5602 5044 1307 -3506 -16176 -1007 9340 11554 9676 -2978 17516 1723 13705 -4028
-447 11177 -8270 7442 -3429 6319 -4301 9940 -9813 9579 15745 -10778 2519 -389 -14579 1285
-19871 -13905 6942 8932 5293 13353 2664 -3521 1060 9405 -1427 9843 2597 19406 11867 10513
444 5990 -4593 1601 -15176 8561 -2951 -3887 -3729 -13640 -15138 -11839 -4928 -10702 -4792 -9465
-3341 9805 5140 7353 -4469 -5455 1685 7514 -1173 -3960 -13272 8055 -6786 -11824 -8706 -6989
-973 -2056 -4708 -8892 15807 -1033 8090 11497 -5749 -1299 -9232 5111 6700 -5021 5205 7356
-7844 -1181 -7035 9543 -3450 3741 -1078 6906 -3665 -1309 3241 -1431 -2653 150 4058 -11122
-3925 -2786 -264 8250 748 -3207 -10091 -1185 12743 564 -5837 -7612 3292 -12904 -9325 -510
3964 10227 9839 -9166 7738 1530 -4836 3582 -7809 9569 9056 -7649 6741 6763 -4821 1611
-7123 -6567 -8480 9298 4318 -2191 1134 8415 -4724 -613 5660 2584 -6363 -7187 -6218 1387
1113 -3494 -12013 -2284 -11581 -6585 2697 9312 -6573 -4516 7104 -130 2018 23487 10215 -15360
-553 7018 -7873 -5943 2418 4491 -12839 -1216 2109 -9701 671 3655 3893 -2551 7735 5345
2374 -11563 1316 5087 -2498 4931 -2102 -11073 -4293 -3468 3873 -3069 -6305 3611 954 9718
7809 6783 10986 -1908 2959 12723 -6942 -11092 -4252 3797 2871 -5522 -10958 -9181 -2317 15447
1814 1552 8676 14028 4984 3806 -2999 -8809 -1934 10052 13008 13351 3284 -3331 -9633 745
-705 -17373 11265 1399 4274 12619 -1950 -1724 10181 4303 -2008 -13400 2291 -10690 1276 -2572
-11448 -3982 -18842 735 -287 -38 -2191 -7459 7495 -3463 13655 1852 7929 12595 2311 11574
-3195 4924 1710 6134 -3814 -4717 5650 795 11748 3840 12721 -11091 8584 -1047 1870 -998
9485 -2830 -8510 4934 -10406 2947 6978 -3822 8270 2284 4936 2684 -12193 854 12407 -67
747 5574 10621 -7939 -3873 -1080 -6609 -6220 -6153 -3061 1559 -1196 -2284 -468 -3425 -2777
-2857 7702 -2641 2635 -4757 -4410 -14534 5820 -9998 -2608 -2929 -41 -9244 5939 -8014 -1913
-3980 -1387 2166 548 6842 -12666 -1868 728 -3951 2501 7858 -6412 -9856 -2673 5248 2668
-2706 -4444 5315 1396 -173 -8100 -8911 -7244 -5381 -5368 -1915 -5469 21865 12247 -6646 -1819
-12460 9495 -736 -1699 -247 -14758 9204 -12766 1758 7831 5732 2853 -520 2617 -7942 -14079
-954 9970 7978 2280 563 -6239 7714 2294 -2401 4934 -13047 6720 -14540 -1985 1628 2608
-2356 4216 8191 -34 6556 -1947 6963 -2360 -13662 9372 11780 2294 9083 -10958 -8858 1283
19272 -5266 -13329 -3525 -241 -10584 6118 7346 -1056 -5233 10375 -16450 -4514 13315 -900 -1593
-17429 12855 -1511 -818 6848 -3977 -17890 5182 -9724 1505 -5607 -1734 -379 -14011 2770 1724
9652 -9483 -9075 9906 7895 -7045 -406 -2163 -6695 6964 7317 -3867 3863 -1666 -12658 4993
-3738 -1496 9834 4778 -4188 -12317 3024 4371 6619 -9520 2486 -1500 -16590 -7740 -586 -6912
-2617 -3483 -555 10209 5466 -6154 -3044 3683 -9361 -2746 -1021 -3291 5416 4670 -3728 -8966
525 -13452 -22125 -6479 -12970 3601 -972 12640 13401 -2079 -28198 -10504 9541 -797 227 -8465
-6251 13045 -1925 3171 -8336 -8176 -5463 -3591 -3027 -16810 5156 -12943 1029 -688 -2285 14645
6929 7139 2650 -4536 2594 898 4074 -9447 142 -6710 -15688 439 12843 12307 5988 12553
-4037 -8007 -6891 -8751 695 -5408 -2762 7070 4118 -7477 -6066 8417 -3488 -8264 3929 -371
20627 -977 16115 -5206 -7086 -2283 956 987 -11238 16420 -1116 6312 1436 4547 -9190 7716
-1754 4367 4902 249 -1139 -16420 6605 1625 -6769 12337 383 -334 3760 1369 -7454 2537
-2865 4171 -4194 -3091 -3393 -14782 10504 -1377 -6254 -8997 9527 5958 1699 -190 -2598 -14241
5011 -6250 4013 -2276 7852 1076 503 -432 -8672 -1266 -18085 8191 273 3777 -9637 -5062
-3343 11123 -7578 -5345 7029 -7754 6989 32767 2113 -4306 2586 -2590 9898 2928 3500 -6219
13483 -12604 12192 12624 5002 1316 -8701 272 2689 12067 3718 9982 7742 -5554 -9318 -3882


# classifier.weights shape=[16, 10] dtype=int16 scale=2.7594634886827292e-05
25208 -14154 -2246 -2320 -2710 15436 5902 7424 7050 19531 24387 12637 17581 -11689 26554 -577
19033 5847 5300 17372 -3225 -487 10362 17474 -15689 -31159 -18978 1828 2816 8976 14511 13147
-14620 3402 -4236 956 -19684 22715 -2379 1055 5983 -13840 -12699 18655 -16472 15906 14059 -20797
7606 -11979 15511 1158 -10734 -8756 4623 7628 32767 -3170 5325 -119 8181 28126 12073 11670
13854 -2235 -16771 9521 -10622 -13867 4822 5968 9514 11587 -2310 10266 -8782 5574 -17279 1287
-25916 5063 -9563 2449 -698 4511 -5961 -438 15807 -1621 451 4716 4149 -14390 -16836 4245
1881 -22578 -6722 4717 17818 5002 11993 -13326 -3731 -9207 14405 -1152 13844 -13219 4524 -2557
-10563 12453 -1991 1079 -22104 3430 -9283 11604 -21082 6543 -25715 -1091 7738 -4186 -15415 -5525
12692 2423 -3578 -13162 1634 -8785 22708 -4014 15772 -19296 329 11238 -7269 -7742 15173 -4007
-13203 -4382 -10599 7469 -6861 -23241 -27273 -17107 -9033 -16172 11749 -10904 -15032 7133 -27260 4674


# classifier.bias shape=[10] dtype=int32 scale=7.505967378915991e-11
-845204928 1835440384 -796334656 -898478144 -1280423936 -2147483648 892677440 281334240 -1278896384 -57630780 

